start,end,text
7.86,60.03, he rotated worstest horse expert but their pursuing the first annual doglike suggests what were hereditary do you do i just can't ostentatious and 
62.19,210.63, i was immediately abgeordnetenhaus not dressed in a dog aristotelian nonentities famagusta never done any like that dingelstedt doesn't need to be noted and to be trained to bring in the first of triplicating a social jointure and i may take a child of the unsearchable showed them to a life as now it is about that little bit like saratoga but like correction is the letter now that that's not acceptable behavior i know belittle her not at all when he joined a good job good iagoo to say matelote thing better i want to call on his trouble is not worth it so this aweshalom in a determinate we have a stable dog and we basically we got ignore the fact that he was even scared to say they operate a lot of things that don't get away with what they know that they have a palette entertainments
